66666666666666666666666666666666666666666666666666666666666666666666666666666666
66666666666666666666666666666666666666666666666666666666666666666666666666666666
66666666666666666666666666666666666666666666666666666666666666666666666666666666
66666666666666666666666666666666666666666666666666666666666666666666666666666666
66666666666666666666666666666666666666666666666666666666666666666666666666666666
66666666666666666666666666666666666666666666666666666666666666666666666666666666
66666666666666666666666666666666666666666666666666666666666666666666666666666666
66666666666666666666666666666666666666666666666666666666666666666666666666666666
66666666666666666666666666666666666666666666666666666666666666666666666i666666i6
ii6ii6i6i66ii6i6i6i6ii6i6i6i6ii6i6i6ii6i6i66i6ii666ii6i6ii6i69ii6i6i6ii6i6666666
66666666666666666666666666666666666666666666666666666666666666666666666666666666
66666666666666666666666666666666666666666666666666666666666666666666666666666666
66666666666666666666666666666666666666666666666666666666666666666666666666666666
66666666666666666666666666666666666666666666666666666666666666666666666666666666
66666666666666666666666666666666666666666666666666666666666666666666666666666666
6666666666666666666666666  sduhfuisfusuiduiosdt566666666666666666666666666666666
66666666666666666666666666666666666666666666666666666666666666666666666666666666
66666666666666666666666666666666666666666666666666666666666666666666666666666666
66666666666666666666666666666666666666666666666666666666666666666666666666666666
66666666666666666666666666666666666666666666666666666666666666666666666666666666
66666666666666666666666666666666666666666666666666666666666666666666666666666666
66666666666666666666666666666666666666666666666666666666666666666666666666666666
66666666666666666666666666666666666666666666666666666666666666666666666666666666
66666666666666666666666666666666666666666666666666666666666666666666666666666666
66666666666666666666666666666666666666666666666666666666666666666666666666666666
66666666666666666666666666666666666666666666666666666666666666666666666666666666
66666666666666666666666666666666666666666666666666666666666666666666666666666666
66666666666666666666666666666666666666666666666666666666666666666666666666666666
66666666666666666666666666666666666666666666666666666666666666666666666666666666
66666666666666666666666666666666666666666666666666666666666666666666666666666666
66666666666666666666666666666666666666666666666666666666666666666666666666666666
66666666666666666666666666666666666666666666666666666666666666666666666666666666
66666666666666666666666666666666666666666666666666666666666666666666666666666666
66666666666666666666666666666666666666666666666666666666666666666666666666666666
66666666666666666666666666666666666666666666666666666666666666666666666666666666
66666666666666666666666666666666666666666666666666666666666666666666666666666666
66666666666666666666666666666666666666666666666666666666666666666666666666666666
66666666666666666666666666666666666666666666666666666666666666666666666666666666
66666666666666666666666666666666666666666666666666666666666666666666666666666666
6666666666666666666666666666666666666666666666666666666666666666666666hwafjllfha
hfqe6666666666666666666666666666666666666666666666666666666666666666666666666666
66666666666666666666666666666666666666666666666666666666666666666666666666666666
66666666666666666666666666666666666666666666666666666666666666666666666666666666
66666666666666666666666666666666666666666666666666666666666666666666666666666666
66666666666666666666666666666666666666666666666666666666666666666666666666666666
66666666666666666666666666666666666666666666666666666666666666666666666666666666
66666666666666666666666666666666666666666666666666666666666666666666666666666666
66666666666666666666666666666666666666666666666666666666666666666666666666666666
66666666666666666666666666666666666666666666666666666666666666666666666666666666
66666666666666666666666666666666666666666666666666666666666666666666666666666666
66666666666666666666666666666666666666666666666666666666666666666666666666666666
66666666666666666666666666666666666666666666666666666666666666666666666666666666
66666666666666666666666666666666666666666666666666666666666666666666666666666666
66666666666666666666666666666666666666666666666666666666666666666666666666666666
66666666666666666666666666666666666666666666666666666666666666666666666666666666
66666666666666666666666666666666666666666666666666666666666666666666666666666666
66666666666666666666666666666666666666666666666666666666666666666666666666666666
66666666666666666666666666666666666666666666666666666666666666666666666666666666
66666666666666666666666666666666666666666666666666666666666666666666666666666666
66666666666666666666666666666666666666666666666666666666666666666666666666666666